{
 "cells": [
  {
   "cell_type": "code",
   "execution_count": 8,
   "metadata": {},
   "outputs": [
    {
     "name": "stdout",
     "output_type": "stream",
     "text": [
      "D= [[0.0000 16.7679 42.6824 54.1081 72.2846 39.6730 44.8404 80.4749 97.1422 100.9611 66.5760 36.6686 92.3728 52.7261 27.1762 58.7530 62.5362 80.8809 45.1759 57.4761] \n",
      " [16.7679 0.0000 56.9499 70.8595 77.2259 55.2078 29.0120 81.7330 101.8066 95.9501 58.5409 24.0169 102.4041 66.1346 38.8755 49.7439 75.5898 83.1935 45.4880 57.4877] \n",
      " [42.6824 56.9499 0.0000 34.8753 49.5611 8.3703 78.4907 65.6035 70.9528 98.7718 77.8171 65.6206 54.3220 10.8266 19.5630 74.1199 20.6468 63.1966 45.5764 52.5227] \n",
      " [54.1081 70.8595 34.8753 0.0000 84.0724 27.4629 98.3715 100.4714 103.9378 133.1218 108.6513 88.0789 80.6044 40.8882 46.9865 103.3648 46.5873 97.9642 77.6420 86.2879] \n",
      " [72.2846 77.2259 49.5611 84.0724 0.0000 57.7336 82.0418 18.5381 24.8715 56.2091 54.5835 68.6021 36.8589 43.8326 48.1120 57.3038 42.2934 14.5499 33.8829 26.1318] \n",
      " [39.6730 55.2078 8.3703 27.4629 57.7336 0.0000 79.0152 73.3900 79.3215 105.6686 82.5985 66.8640 61.8518 18.1094 21.5721 78.1455 27.2784 71.1764 50.8477 58.9247] \n",
      " [44.8404 29.0120 78.4907 98.3715 82.0418 79.0152 0.0000 79.8661 104.1889 81.9270 42.8232 13.9986 114.0679 85.6562 58.9385 33.8204 93.9400 82.9890 48.3956 56.9444] \n",
      " [80.4749 81.7330 65.6035 100.4714 18.5381 73.3900 79.8661 0.0000 26.1536 37.8727 44.4750 67.8084 52.2469 61.2563 60.0044 49.8303 60.6068 5.2433 36.2804 24.3377] \n",
      " [97.1422 101.8066 70.9528 103.9378 24.8715 79.3215 104.1889 26.1536 0.0000 57.1166 70.6234 91.3431 35.2227 63.0842 72.4724 75.6890 58.3409 21.7797 57.3303 47.2605] \n",
      " [100.9611 95.9501 98.7718 133.1218 56.2091 105.6686 81.9270 37.8727 57.1166 0.0000 39.2062 74.7627 89.1092 96.5299 88.0657 48.4125 97.3614 42.6968 57.6561 47.1003] \n",
      " [66.5760 58.5409 77.8171 108.6513 54.5835 82.5985 42.8232 44.4750 70.6234 39.2062 0.0000 35.9790 91.2735 79.8161 61.6866 9.2468 84.5125 49.0179 32.3634 30.1172] \n",
      " [36.6686 24.0169 65.6206 88.0789 68.6021 66.8640 13.9986 67.8084 91.3431 74.7627 35.9790 0.0000 100.1080 72.2551 46.0894 26.8049 80.2949 70.5397 34.7688 44.1525] \n",
      " [92.3728 102.4041 54.3220 80.6044 36.8589 61.8518 114.0679 52.2469 35.2227 89.1092 91.2735 100.1080 0.0000 43.7579 65.1966 93.2717 35.0113 47.0491 66.3292 61.8542] \n",
      " [52.7261 66.1346 10.8266 40.8882 43.8326 18.1094 85.6562 61.2563 63.0842 96.5299 79.8161 72.2551 43.7579 0.0000 27.4626 77.3038 9.9105 58.1486 47.5802 52.1404] \n",
      " [27.1762 38.8755 19.5630 46.9865 48.1120 21.5721 58.9385 60.0044 72.4724 88.0657 61.6866 46.0894 65.1966 27.4626 0.0000 56.7622 36.7370 59.1192 31.0142 41.0369] \n",
      " [58.7530 49.7439 74.1199 103.3648 57.3038 78.1455 33.8204 49.8303 75.6890 48.4125 9.2468 26.8049 93.2717 77.3038 56.7622 0.0000 82.9401 53.9092 29.9982 31.4309] \n",
      " [62.5362 75.5898 20.6468 46.5873 42.2934 27.2784 93.9400 60.6068 58.3409 97.3614 84.5125 80.2949 35.0113 9.9105 36.7370 82.9401 0.0000 56.8410 52.9424 55.4790] \n",
      " [80.8809 83.1935 63.1966 97.9642 14.5499 71.1764 82.9890 5.2433 21.7797 42.6968 49.0179 70.5397 47.0491 58.1486 59.1192 53.9092 56.8410 0.0000 37.7660 26.4807] \n",
      " [45.1759 45.4880 45.5764 77.6420 33.8829 50.8477 48.3956 36.2804 57.3303 57.6561 32.3634 34.7688 66.3292 47.5802 31.0142 29.9982 52.9424 37.7660 0.0000 12.3512] \n",
      " [57.4761 57.4877 52.5227 86.2879 26.1318 58.9247 56.9444 24.3377 47.2605 47.1003 30.1172 44.1525 61.8542 52.1404 41.0369 31.4309 55.4790 26.4807 12.3512 0.0000]]\n"
     ]
    }
   ],
   "source": [
    "import numpy as np\n",
    "from scipy.spatial.distance import pdist, squareform\n",
    "\n",
    "def generate_distance_matrix_format(num_nodes, seed, file_name):\n",
    "    \"\"\"\n",
    "    Generate a random symmetric distance matrix for the TSP problem, print it in the required format,\n",
    "    and save it as a .npy file.\n",
    "    \n",
    "    Parameters:\n",
    "    num_nodes (int): Number of nodes (cities) in the matrix.\n",
    "    seed (int): Seed value for random number generator.\n",
    "    file_name (str): The name of the file to save the numpy array.\n",
    "    \n",
    "    Returns:\n",
    "    None\n",
    "    \"\"\"\n",
    "    np.random.seed(seed)\n",
    "    # Generate random coordinates for cities\n",
    "    coordinates = np.random.rand(num_nodes, 2) * 100\n",
    "    # Create distance matrix based on Euclidean distance\n",
    "    distance_matrix = squareform(pdist(coordinates))\n",
    "    \n",
    "    # Save the distance matrix as a .npy file\n",
    "    np.save(file_name, distance_matrix)\n",
    "    \n",
    "    # Format the matrix output as shown in the desired format\n",
    "    print(\"D= [\", end=\"\")\n",
    "    for i, row in enumerate(distance_matrix):\n",
    "        if i == 0:\n",
    "            print(\"[\", end=\"\")\n",
    "        else:\n",
    "            print(\" [\", end=\"\")\n",
    "        print(\" \".join([f\"{value:.4f}\" for value in row]), end=\"]\")\n",
    "        if i != len(distance_matrix) - 1:\n",
    "            print(\" \")\n",
    "    print(\"]\")\n",
    "\n",
    "# Example usage: generate a matrix for 20 nodes with seed 4 and save it as 'distance_matrix.npy'\n",
    "generate_distance_matrix_format(20, 4, 'distance_matrix.npy')\n"
   ]
  },
  {
   "cell_type": "code",
   "execution_count": 16,
   "metadata": {},
   "outputs": [
    {
     "name": "stdout",
     "output_type": "stream",
     "text": [
      "iteration 0\n",
      "iteration 1\n",
      "iteration 2\n",
      "iteration 3\n",
      "22.3099\n"
     ]
    }
   ],
   "source": [
    "import random\n",
    "import numpy as np\n",
    "\n",
    "# Set random seeds for reproducibility\n",
    "random_seed = 1000\n",
    "numpy_seed = 1000\n",
    "\n",
    "# Set seed for Python's random module\n",
    "random.seed(random_seed)\n",
    "\n",
    "# Set seed for NumPy's random module\n",
    "np.random.seed(numpy_seed)\n",
    "\n",
    "# Sample data: 5 cities with a symmetric distance matrix (TSP instance)\n",
    "cities = [0, 1, 2, 3, 4]\n",
    "distance_matrix = np.array([\n",
    "    [0, 2, 9, 10, 7],\n",
    "    [2, 0, 6, 4, 3],\n",
    "    [9, 6, 0, 8, 5],\n",
    "    [10, 4, 8, 0, 6],\n",
    "    [7, 3, 5, 6, 0]\n",
    "])\n",
    "\n",
    "# Utility functions from the algorithm\n",
    "def calculate_cost(route, distance_matrix):\n",
    "    return sum(distance_matrix[route[i], route[(i + 1) % len(route)]] for i in range(len(route)))\n",
    "\n",
    "def construct_randomized_greedy_tour(cities, distance_matrix, k=3):\n",
    "    tour = [random.choice(cities)]\n",
    "    unvisited = set(cities) - set(tour)\n",
    "    while unvisited:\n",
    "        current = tour[-1]\n",
    "        neighbors = sorted(unvisited, key=lambda x: distance_matrix[current][x])[:k]\n",
    "        next_city = random.choice(neighbors)\n",
    "        tour.append(next_city)\n",
    "        unvisited.remove(next_city)\n",
    "    return tour\n",
    "\n",
    "def swap_cost(route, i, j, distance_matrix):\n",
    "    A, B = route[i], route[i + 1]\n",
    "    C, D = route[j], route[(j + 1) % len(route)]\n",
    "    return (distance_matrix[A][C] + distance_matrix[B][D] -\n",
    "            distance_matrix[A][B] - distance_matrix[C][D])\n",
    "\n",
    "# def two_opt(route, distance_matrix):\n",
    "#     improved = True\n",
    "#     while improved:\n",
    " \n",
    "#         improved = False\n",
    "#         for i in range(len(route) - 1):\n",
    "#             for j in range(i + 2, len(route)):\n",
    "#                 if j - i == 1: continue  # Skip adjacent nodes\n",
    "#                 if swap_cost(route, i, j, distance_matrix) < 0:\n",
    "#                     route[i+1:j+1] = reversed(route[i+1:j+1])\n",
    "#                     improved = True\n",
    "#     return route\n",
    "\n",
    "\n",
    "def two_opt(route, distance_matrix, max_swaps=50):\n",
    "    improved = True\n",
    "    swap_count = 0\n",
    "    while improved and swap_count < max_swaps:\n",
    "        improved = False\n",
    "        for i in range(len(route) - 1):\n",
    "            for j in range(i + 2, len(route)):\n",
    "                if j - i == 1: continue  # Skip adjacent nodes\n",
    "                if swap_cost(route, i, j, distance_matrix) < 0:\n",
    "                    route[i+1:j+1] = reversed(route[i+1:j+1])\n",
    "                    improved = True\n",
    "                    swap_count += 1\n",
    "                    if swap_count >= max_swaps:\n",
    "                        return route\n",
    "    return route\n",
    "\n",
    "def perturb_route(route, factor):\n",
    "    size = len(route)\n",
    "    i, j = random.sample(range(size), 2)\n",
    "    i, j = min(i, j), max(i, j)\n",
    "    if j - i <= factor:\n",
    "        route[i:j+1] = reversed(route[i:j+1])\n",
    "    else:\n",
    "        random.shuffle(route[i:j+1])\n",
    "    return route\n",
    "\n",
    "def AGRP_TSP(cities, distance_matrix, I_max=4, S=2, P=2):\n",
    "    best_route = None\n",
    "    best_cost = float('inf')\n",
    "    stagnation_counter = 0\n",
    "    perturbation_factor = P\n",
    "\n",
    "    for iteration in range(I_max):\n",
    "        print('iteration', iteration)\n",
    "        # Greedy Randomized Construction\n",
    "        route = construct_randomized_greedy_tour(cities, distance_matrix, k=3)\n",
    "        route = two_opt(route, distance_matrix)  # Local optimization\n",
    "\n",
    "        # Update Best Solution\n",
    "        current_cost = calculate_cost(route, distance_matrix)\n",
    "        if current_cost < best_cost:\n",
    "            best_route, best_cost = route, current_cost\n",
    "            stagnation_counter = 0  # Reset stagnation counter\n",
    "            perturbation_factor = P  # Reset perturbation factor\n",
    "        else:\n",
    "            stagnation_counter += 1\n",
    "\n",
    "        # Apply Perturbation if Stagnating\n",
    "        if stagnation_counter >= S:\n",
    "            route = perturb_route(best_route, factor=perturbation_factor)\n",
    "            perturbation_factor += 1  # Increase perturbation factor\n",
    "            stagnation_counter = 0  # Reset stagnation counter\n",
    "\n",
    "    return best_route, best_cost\n",
    "\n",
    "\n",
    "cities= [0,1,2,3,4,5,6]\n",
    "distance_matrix =np.array(  [[0.0,4.3092,3.8329,2.7762,1.7441,4.2076,6.0199]\n",
    ",[4.3092,0.,1.6596,3.7435,5.6408,2.5764,7.5691]\n",
    ",[3.8329,1.6596,0.,2.3055,4.7278,3.8966,8.4056]\n",
    ",[2.7762,3.7435,2.3055,0.,2.8311,5.2142,8.5694]\n",
    ",[1.7441,5.6408,4.7278,2.8311,0.,5.9246,7.3483]\n",
    ",[4.2076,2.5764,3.8966,5.2142,5.9246,0.,5.1733]\n",
    ",[6.0199,7.5691,8.4056,8.5694,7.3483,5.1733,0.0]])\n",
    "\n",
    "\n",
    "\n",
    "# Run the heuristic on the sample data\n",
    "best_route, best_cost = AGRP_TSP(cities, distance_matrix)\n",
    "print (best_cost)\n"
   ]
  },
  {
   "cell_type": "code",
   "execution_count": 42,
   "metadata": {},
   "outputs": [
    {
     "name": "stdout",
     "output_type": "stream",
     "text": [
      "iteration 0\n",
      "iteration 1\n",
      "iteration 2\n",
      "iteration 3\n",
      "iteration 4\n",
      "iteration 5\n",
      "iteration 6\n",
      "iteration 7\n",
      "iteration 8\n",
      "iteration 9\n",
      "Solution found with seed and cost 276.21849999999995\n"
     ]
    }
   ],
   "source": [
    "import random\n",
    "import numpy as np\n",
    "import time\n",
    "\n",
    "# Sample data: 7 cities with a symmetric distance matrix (TSP instance)\n",
    "cities = [0, 1, 2, 3, 4, 5, 6]\n",
    "distance_matrix=np.array(\n",
    "    [[0.0000,50.1714,82.4215,32.7554,33.1981,35.4476,86.8834,79.1141,43.1720,66.1979,84.5219,59.0133,18.4527,47.0205,93.0141,81.4241,30.9494,60.7983,85.5903,59.7146]\n",
    ",[50.1714,0.0000,72.6429,72.5066,17.0589,80.2453,39.9165,68.9291,43.4089,42.9584,47.4622,49.7422,33.3051,53.8973,56.9575,44.5855,75.3307,31.3970,65.8514,16.5545]\n",
    ",[82.4215,72.6429,0.0000,71.6903,70.9155,82.5106,67.8767,3.7647,39.7436,30.7285,45.6133,25.0569,69.7065,36.0890,44.9935,45.1760,79.8092,103.9761,15.9631,59.9797]\n",
    ",[32.7554,72.5066,71.6903,0.0000,56.5579,11.0304,101.3477,69.3894,42.0906,68.5811,91.3634,55.1905,40.6146,37.9356,97.8499,88.6476,8.3002,90.9386,80.7078,75.7337]\n",
    ",[33.1981,17.0589,70.9155,56.5579,0.0000,63.6847,54.7050,67.1625,34.8910,44.9863,56.8680,46.0683,16.4265,44.5790,66.1679,53.7587,58.7669,37.8071,67.8603,28.0517]\n",
    ",[35.4476,80.2453,82.5106,11.0304,63.6847,0.0000,111.0418,80.2863,52.7848,79.3615,101.9406,66.1827,47.3048,48.9605,108.6171,99.1736,4.9187,95.8750,91.7317,84.9160]\n",
    ",[86.8834,39.9165,67.8767,101.3477,54.7050,111.0418,0.0000,65.1261,61.3678,40.8194,23.2306,56.1823,68.5418,70.1097,29.1775,22.8752,106.3668,61.0758,54.0141,27.1781]\n",
    ",[79.1141,68.9291,3.7647,69.3894,67.1625,80.2863,65.1261,0.0000,36.2639,27.2371,43.2264,21.3644,66.1316,33.1311,43.2828,42.5915,77.4337,100.2482,14.9757,56.4210]\n",
    ",[43.1720,43.4089,39.7436,42.0906,34.8910,52.7848,61.3678,36.2639,0.0000,26.6163,49.3003,15.8856,30.1447,10.5097,55.8408,46.6340,48.6927,71.9645,42.7084,38.9295]\n",
    ",[66.1979,42.9584,30.7285,68.5811,44.9863,79.3615,40.8194,27.2371,26.6163,0.0000,23.5352,15.8711,49.4536,32.1996,29.2689,21.3084,75.3076,74.3159,23.1684,29.2963]\n",
    ",[84.5219,47.4622,45.6133,91.3634,56.8680,101.9406,23.2306,43.2264,49.3003,23.5352,0.0000,39.2024,66.4209,55.7066,9.5052,3.1328,97.6784,75.6698,31.0072,30.9248]\n",
    ",[59.0133,49.7422,25.0569,55.1905,46.0683,66.1827,56.1823,21.3644,15.8856,15.8711,39.2024,0.0000,44.9752,17.4405,43.8754,37.1254,62.5224,80.5593,26.8979,39.8972]\n",
    ",[18.4527,33.3051,69.7065,40.6146,16.4265,47.3048,68.5418,66.1316,30.1447,49.4536,66.4209,44.9752,0.0000,37.3026,75.1203,63.3041,42.3906,51.0091,70.3989,41.3642]\n",
    ",[47.0205,53.8973,36.0890,37.9356,44.5790,48.9605,70.1097,33.1311,10.5097,32.1996,55.7066,17.4405,37.3026,0.0000,61.0792,53.3381,45.5022,82.0502,42.9577,49.0190]\n",
    ",[93.0141,56.9575,44.9935,97.8499,66.1679,108.6171,29.1775,43.2828,55.8408,29.2689,9.5052,43.8754,75.1203,61.0792,0.0000,12.4993,104.5228,84.8442,29.2323,40.4267]\n",
    ",[81.4241,44.5855,45.1760,88.6476,53.7587,99.1736,22.8752,42.5915,46.6340,21.3084,3.1328,37.1254,63.3041,53.3381,12.4993,0.0000,94.8760,73.1511,31.1568,28.0322]\n",
    ",[30.9494,75.3307,79.8092,8.3002,58.7669,4.9187,106.3668,77.4337,48.6927,75.3076,97.6784,62.5224,42.3906,45.5022,104.5228,94.8760,0.0000,91.1472,88.4282,80.1371]\n",
    ",[60.7983,31.3970,103.9761,90.9386,37.8071,95.8750,61.0758,100.2482,71.9645,74.3159,75.6698,80.5593,51.0091,82.0502,84.8442,73.1511,91.1472,0.0000,97.0606,46.3454]\n",
    ",[85.5903,65.8514,15.9631,80.7078,67.8603,91.7317,54.0141,14.9757,42.7084,23.1684,31.0072,26.8979,70.3989,42.9577,29.2323,31.1568,88.4282,97.0606,0.0000,51.1276]\n",
    ",[59.7146,16.5545,59.9797,75.7337,28.0517,84.9160,27.1781,56.4210,38.9295,29.2963,30.9248,39.8972,41.3642,49.0190,40.4267,28.0322,80.1371,46.3454,51.1276,0.0000]]\n",
    "\n",
    "\n",
    ")\n",
    "\n",
    "# Utility functions from the algorithm\n",
    "def calculate_cost(route, distance_matrix):\n",
    "    return sum(distance_matrix[route[i], route[(i + 1) % len(route)]] for i in range(len(route)))\n",
    "\n",
    "def construct_randomized_greedy_tour(cities, distance_matrix, k=3):\n",
    "    tour = [random.choice(cities)]\n",
    "    unvisited = set(cities) - set(tour)\n",
    "    while unvisited:\n",
    "        current = tour[-1]\n",
    "        neighbors = sorted(unvisited, key=lambda x: distance_matrix[current][x])[:k]\n",
    "        next_city = random.choice(neighbors)\n",
    "        tour.append(next_city)\n",
    "        unvisited.remove(next_city)\n",
    "    return tour\n",
    "\n",
    "def swap_cost(route, i, j, distance_matrix):\n",
    "    A, B = route[i], route[i + 1]\n",
    "    C, D = route[j], route[(j + 1) % len(route)]\n",
    "    return (distance_matrix[A][C] + distance_matrix[B][D] -\n",
    "            distance_matrix[A][B] - distance_matrix[C][D])\n",
    "\n",
    "def two_opt_limited(route, distance_matrix, max_swaps=50):\n",
    "    improved = True\n",
    "    swap_count = 0\n",
    "    while improved and swap_count < max_swaps:\n",
    "        improved = False\n",
    "        for i in range(len(route) - 1):\n",
    "            for j in range(i + 2, len(route)):\n",
    "                if j - i == 1: continue  # Skip adjacent nodes\n",
    "                if swap_cost(route, i, j, distance_matrix) < 0:\n",
    "                    route[i+1:j+1] = reversed(route[i+1:j+1])\n",
    "                    improved = True\n",
    "                    swap_count += 1\n",
    "                    if swap_count >= max_swaps:\n",
    "                        return route\n",
    "    return route\n",
    "\n",
    "def perturb_route(route, factor):\n",
    "    size = len(route)\n",
    "    i, j = random.sample(range(size), 2)\n",
    "    i, j = min(i, j), max(i, j)\n",
    "    if j - i <= factor:\n",
    "        route[i:j+1] = reversed(route[i:j+1])\n",
    "    else:\n",
    "        random.shuffle(route[i:j+1])\n",
    "    return route\n",
    "\n",
    "def AGRP_TSP(cities, distance_matrix, I_max=10, S=2, P=2):\n",
    "    best_route = None\n",
    "    best_cost = float('inf')\n",
    "    stagnation_counter = 0\n",
    "    perturbation_factor = P\n",
    "\n",
    "    for iteration in range(I_max):\n",
    "        print(f\"iteration {iteration}\")\n",
    "        route = construct_randomized_greedy_tour(cities, distance_matrix, k=3)\n",
    "        route = two_opt_limited(route, distance_matrix, max_swaps=50)  # Local optimization\n",
    "\n",
    "        # Update Best Solution\n",
    "        current_cost = calculate_cost(route, distance_matrix)\n",
    "        if current_cost < best_cost:\n",
    "            best_route, best_cost = route, current_cost\n",
    "            stagnation_counter = 0  # Reset stagnation counter\n",
    "            perturbation_factor = P  # Reset perturbation factor\n",
    "        else:\n",
    "            stagnation_counter += 1\n",
    "\n",
    "        # Apply Perturbation if Stagnating\n",
    "        if stagnation_counter >= S:\n",
    "            route = perturb_route(best_route, factor=perturbation_factor)\n",
    "            perturbation_factor += 1  # Increase perturbation factor\n",
    "            stagnation_counter = 0  # Reset stagnation counter\n",
    "\n",
    "    return best_route, best_cost\n",
    "\n",
    "# Main loop to try different seeds for 5 seconds each\n",
    "timeout = 5  # seconds\n",
    "found_solution = False\n",
    "\n",
    "\n",
    "# seedd= 1000\n",
    "# random.seed(seedd)\n",
    "# np.random.seed(seedd)\n",
    "best_route, best_cost = AGRP_TSP(cities, distance_matrix)\n",
    "print(f\"Solution found with seed and cost {best_cost}\")\n",
    "\n",
    "\n",
    "\n",
    "# for seed in range(10, 60):\n",
    "#     random.seed(seed)\n",
    "#     np.random.seed(seed)\n",
    "\n",
    "#     start_time = time.time()\n",
    "\n",
    "#     while time.time() - start_time < timeout:\n",
    "#         best_route, best_cost = AGRP_TSP(cities, distance_matrix)\n",
    "#         if best_cost is not None:  # Found a solution\n",
    "#             found_solution = True\n",
    "#             print(f\"Solution found with seed {seed} and cost {best_cost}\")\n",
    "#             break\n",
    "\n",
    "#     if found_solution:\n",
    "#         break\n",
    "#     else:\n",
    "#         print(f\"No solution found within {timeout} seconds for seed {seed}\")\n"
   ]
  },
  {
   "cell_type": "markdown",
   "metadata": {},
   "source": [
    "You are an expert in solving optimization problems. Given a\n",
    "Traveling Salesman Problem (TSP), your task is to find the shortest\n",
    "possible route that visits every city exactly once and returns to the\n",
    "starting point. The distance matrix is given in D.Search directly with no explanation \n",
    "\n",
    "\n",
    "D = a symmetric distance matrix for the Traveling Salesman Problem (TSP) using 20 cities (nodes) and a random seed value of 42. The matrix should be based on the Euclidean distance between random city coordinates in a 2D plane, with each value formatted to 4 decimal places. The output should be displayed as a nested list, where each row is enclosed in square brackets and values are separated by spaces, with rows printed one after the other. The matrix should be enclosed in an overall bracket.\n",
    "\n",
    "dont show the solution, direct solve"
   ]
  }
 ],
 "metadata": {
  "kernelspec": {
   "display_name": "Python 3",
   "language": "python",
   "name": "python3"
  },
  "language_info": {
   "codemirror_mode": {
    "name": "ipython",
    "version": 3
   },
   "file_extension": ".py",
   "mimetype": "text/x-python",
   "name": "python",
   "nbconvert_exporter": "python",
   "pygments_lexer": "ipython3",
   "version": "3.12.0"
  }
 },
 "nbformat": 4,
 "nbformat_minor": 2
}
